TESTS CARRE
1  1  
1  1  

1  1  
1  1  

1  1  
1  1  

1  1  
1  1  

1  1  
1  1  

TESTS PYRAMIDE
0  1  0  
1  1  1  
0  0  0  

0  1  0  
0  1  1  
0  1  0  

0  0  0  
1  1  1  
0  1  0  

0  1  0  
1  1  0  
0  1  0  

0  1  0  
1  1  1  
0  0  0  

TESTS L
0  1  0  
0  1  0  
0  1  1  

0  0  0  
1  1  1  
1  0  0  

1  1  0  
0  1  0  
0  1  0  

0  0  1  
1  1  1  
0  0  0  

0  1  0  
0  1  0  
0  1  1  

TESTS LIGNE
0  0  1  0  
0  0  1  0  
0  0  1  0  
0  0  1  0  

0  0  0  0  
0  0  0  0  
1  1  1  1  
0  0  0  0  

0  0  1  0  
0  0  1  0  
0  0  1  0  
0  0  1  0  

0  0  0  0  
0  0  0  0  
1  1  1  1  
0  0  0  0  

0  0  1  0  
0  0  1  0  
0  0  1  0  
0  0  1  0  

TESTS S
0  1  0  
0  1  1  
0  0  1  

0  0  0  
0  1  1  
1  1  0  

1  0  0  
1  1  0  
0  1  0  

0  1  1  
1  1  0  
0  0  0  

0  1  0  
0  1  1  
0  0  1  

TESTS Z
0  0  1  
0  1  1  
0  1  0  

0  0  0  
1  1  0  
0  1  1  

0  1  0  
1  1  0  
1  0  0  

1  1  0  
0  1  1  
0  0  0  

0  0  1  
0  1  1  
0  1  0  

